episode,steps_total,steps_mean,reward_total,reward_mean,epsilon,step_count
0,902,90.2,1.0,0.1,1.0,0
1,927,92.7,1.0,0.1,0.9995,100
2,882,88.2,2.0,0.2,0.999,200
3,906,90.6,1.0,0.1,0.9985,300
4,920,92.0,1.0,0.1,0.998,400
5,904,90.4,1.0,0.1,0.9975,500
6,903,90.3,1.0,0.1,0.997,600
7,917,91.7,1.0,0.1,0.9965,700
8,931,93.1,1.0,0.1,0.996,800
9,947,94.7,1.0,0.1,0.9955,900
10,911,91.1,1.0,0.1,0.995,1000
11,903,90.3,1.0,0.1,0.9945,1100
12,911,91.1,1.0,0.1,0.994,1200
13,997,99.7,1.0,0.1,0.9935,1300
14,930,93.0,1.0,0.1,0.993,1400
15,903,90.3,1.0,0.1,0.9925,1500
16,912,91.2,1.0,0.1,0.992,1600
17,918,91.8,1.0,0.1,0.9915,1700
18,907,90.7,1.0,0.1,0.991,1800
19,907,90.7,1.0,0.1,0.9905,1900
20,953,95.3,1.0,0.1,0.99,2000
21,905,90.5,1.0,0.1,0.9895,2100
22,906,90.6,1.0,0.1,0.989,2200
23,904,90.4,1.0,0.1,0.9885,2300
24,910,91.0,1.0,0.1,0.988,2400
25,903,90.3,1.0,0.1,0.9875,2500
26,916,91.6,1.0,0.1,0.987,2600
27,936,93.6,1.0,0.1,0.9865,2700
28,921,92.1,1.0,0.1,0.986,2713
29,904,90.4,1.0,0.1,0.9855,2813
30,902,90.2,1.0,0.1,0.985,2913
31,904,90.4,1.0,0.1,0.9845,3013
32,1000,100.0,0,0.0,0.984,3113
33,911,91.1,1.0,0.1,0.9835,3213
34,902,90.2,1.0,0.1,0.983,3313
35,902,90.2,1.0,0.1,0.9825,3371
36,904,90.4,1.0,0.1,0.982,3471
37,902,90.2,1.0,0.1,0.9815,3571
38,908,90.8,1.0,0.1,0.981,3671
39,907,90.7,1.0,0.1,0.9805,3771
40,901,90.1,2.0,0.2,0.98,3871
41,911,91.1,1.0,0.1,0.9795,3971
42,906,90.6,1.0,0.1,0.979,4071
43,913,91.3,1.0,0.1,0.9785,4076
44,896,89.6,2.0,0.2,0.978,4176
45,908,90.8,1.0,0.1,0.9775,4276
46,902,90.2,1.0,0.1,0.977,4376
47,915,91.5,1.0,0.1,0.9765,4476
48,903,90.3,1.0,0.1,0.976,4576
49,857,85.7,2.0,0.2,0.9755,4676
50,922,92.2,1.0,0.1,0.975,4776
51,906,90.6,1.0,0.1,0.9745,4876
52,854,85.4,2.0,0.2,0.974,4891
53,922,92.2,1.0,0.1,0.9735,4991
54,904,90.4,1.0,0.1,0.973,5091
55,902,90.2,1.0,0.1,0.9725,5191
56,902,90.2,1.0,0.1,0.972,5291
57,912,91.2,1.0,0.1,0.9715,5391
58,907,90.7,1.0,0.1,0.971,5491
59,914,91.4,1.0,0.1,0.9705,5591
60,902,90.2,1.0,0.1,0.97,5691
61,905,90.5,1.0,0.1,0.9695,5791
62,904,90.4,1.0,0.1,0.969,5891
63,914,91.4,1.0,0.1,0.9685,5991
64,922,92.2,1.0,0.1,0.968,6091
65,902,90.2,1.0,0.1,0.9675,6191
66,905,90.5,1.0,0.1,0.967,6291
67,909,90.9,1.0,0.1,0.9665,6391
68,902,90.2,1.0,0.1,0.966,6491
69,902,90.2,1.0,0.1,0.9655,6591
70,902,90.2,1.0,0.1,0.965,6691
71,903,90.3,1.0,0.1,0.9645,6791
72,918,91.8,1.0,0.1,0.964,6891
73,906,90.6,1.0,0.1,0.9635,6991
74,904,90.4,1.0,0.1,0.963,7091
75,906,90.6,1.0,0.1,0.9625,7191
76,905,90.5,1.0,0.1,0.962,7196
77,904,90.4,1.0,0.1,0.9615,7296
78,902,90.2,1.0,0.1,0.961,7396
79,902,90.2,1.0,0.1,0.9605,7496
80,902,90.2,1.0,0.1,0.96,7596
81,902,90.2,1.0,0.1,0.9595,7696
82,903,90.3,1.0,0.1,0.959,7796
83,904,90.4,1.0,0.1,0.9585,7896
84,902,90.2,1.0,0.1,0.958,7996
85,902,90.2,1.0,0.1,0.9575,8096
86,903,90.3,1.0,0.1,0.957,8196
87,912,91.2,1.0,0.1,0.9565,8296
88,903,90.3,1.0,0.1,0.956,8396
89,909,90.9,1.0,0.1,0.9555,8496
90,902,90.2,1.0,0.1,0.955,8596
91,904,90.4,1.0,0.1,0.9545,8696
92,902,90.2,1.0,0.1,0.954,8796
93,902,90.2,1.0,0.1,0.9535,8896
94,903,90.3,1.0,0.1,0.953,8996
95,903,90.3,1.0,0.1,0.9525,9096
96,904,90.4,1.0,0.1,0.952,9196
97,904,90.4,1.0,0.1,0.9515,9296
98,902,90.2,1.0,0.1,0.951,9396
99,903,90.3,1.0,0.1,0.9505,9496
100,904,90.4,1.0,0.1,0.95,9596
101,909,90.9,1.0,0.1,0.9495,9696
102,903,90.3,1.0,0.1,0.949,9796
103,904,90.4,1.0,0.1,0.9485,9896
104,902,90.2,1.0,0.1,0.948,9996
105,903,90.3,1.0,0.1,0.9475,10096
106,905,90.5,1.0,0.1,0.947,10196
107,903,90.3,1.0,0.1,0.9465,10296
108,902,90.2,1.0,0.1,0.946,10396
109,906,90.6,1.0,0.1,0.9455,10496
110,913,91.3,1.0,0.1,0.945,10596
111,902,90.2,1.0,0.1,0.9445,10696
112,902,90.2,1.0,0.1,0.944,10796
113,889,88.9,2.0,0.2,0.9435,10896
114,904,90.4,1.0,0.1,0.943,10996
115,902,90.2,1.0,0.1,0.9425,11096
116,906,90.6,1.0,0.1,0.942,11196
117,902,90.2,1.0,0.1,0.9415,11296
118,903,90.3,1.0,0.1,0.941,11396
119,902,90.2,1.0,0.1,0.9405,11496
120,902,90.2,1.0,0.1,0.94,11521
121,902,90.2,1.0,0.1,0.9395,11621
122,902,90.2,1.0,0.1,0.939,11627
123,902,90.2,1.0,0.1,0.9385,11727
124,902,90.2,1.0,0.1,0.938,11827
125,902,90.2,1.0,0.1,0.9375,11927
126,902,90.2,1.0,0.1,0.937,12027
127,902,90.2,1.0,0.1,0.9365,12127
128,902,90.2,1.0,0.1,0.936,12227
129,902,90.2,1.0,0.1,0.9355,12327
130,902,90.2,1.0,0.1,0.935,12427
131,902,90.2,1.0,0.1,0.9345,12527
132,902,90.2,1.0,0.1,0.934,12627
133,902,90.2,1.0,0.1,0.9335,12727
134,902,90.2,1.0,0.1,0.933,12827
135,902,90.2,1.0,0.1,0.9325,12927
136,902,90.2,1.0,0.1,0.932,13027
137,902,90.2,1.0,0.1,0.9315,13127
138,902,90.2,1.0,0.1,0.931,13227
139,902,90.2,1.0,0.1,0.9305,13327
140,902,90.2,1.0,0.1,0.93,13427
141,902,90.2,1.0,0.1,0.9295,13527
142,902,90.2,1.0,0.1,0.929,13627
143,902,90.2,1.0,0.1,0.9285,13727
144,902,90.2,1.0,0.1,0.928,13827
145,902,90.2,1.0,0.1,0.9275,13927
146,902,90.2,1.0,0.1,0.927,14027
147,902,90.2,1.0,0.1,0.9265,14127
148,902,90.2,1.0,0.1,0.926,14227
149,902,90.2,1.0,0.1,0.9255,14327
150,902,90.2,1.0,0.1,0.925,14427
151,902,90.2,1.0,0.1,0.9245,14527
152,902,90.2,1.0,0.1,0.924,14627
153,902,90.2,1.0,0.1,0.9235,14727
154,902,90.2,1.0,0.1,0.923,14827
155,902,90.2,1.0,0.1,0.9225,14927
156,902,90.2,1.0,0.1,0.922,15027
157,902,90.2,1.0,0.1,0.9215,15127
158,902,90.2,1.0,0.1,0.921,15227
159,902,90.2,1.0,0.1,0.9205,15327
160,902,90.2,1.0,0.1,0.92,15427
161,902,90.2,1.0,0.1,0.9195,15527
162,902,90.2,1.0,0.1,0.919,15627
163,902,90.2,1.0,0.1,0.9185,15727
164,902,90.2,1.0,0.1,0.918,15827
165,902,90.2,1.0,0.1,0.9175,15927
166,902,90.2,1.0,0.1,0.917,16027
167,902,90.2,1.0,0.1,0.9165,16127
168,902,90.2,1.0,0.1,0.916,16227
169,902,90.2,1.0,0.1,0.9155,16327
170,902,90.2,1.0,0.1,0.915,16427
171,891,89.1,2.0,0.2,0.9145,16527
172,902,90.2,1.0,0.1,0.914,16627
173,902,90.2,1.0,0.1,0.9135,16727
174,902,90.2,1.0,0.1,0.913,16814
175,902,90.2,1.0,0.1,0.9125,16831
176,872,87.2,2.0,0.2,0.912,16931
177,902,90.2,1.0,0.1,0.9115,17031
178,902,90.2,1.0,0.1,0.911,17131
179,902,90.2,1.0,0.1,0.9105,17231
180,902,90.2,1.0,0.1,0.91,17331
181,902,90.2,1.0,0.1,0.9095,17431
182,902,90.2,1.0,0.1,0.909,17531
183,902,90.2,1.0,0.1,0.9085,17631
184,902,90.2,1.0,0.1,0.908,17731
185,902,90.2,1.0,0.1,0.9075,17831
186,902,90.2,1.0,0.1,0.907,17931
187,902,90.2,1.0,0.1,0.9065,18031
188,902,90.2,1.0,0.1,0.906,18131
189,902,90.2,1.0,0.1,0.9055,18231
190,902,90.2,1.0,0.1,0.905,18331
191,902,90.2,1.0,0.1,0.9045,18418
192,855,85.5,2.0,0.2,0.904,18518
193,902,90.2,1.0,0.1,0.9035,18618
194,902,90.2,1.0,0.1,0.903,18718
195,902,90.2,1.0,0.1,0.9025,18818
196,902,90.2,1.0,0.1,0.902,18918
197,822,82.2,2.0,0.2,0.9015,19018
198,902,90.2,1.0,0.1,0.901,19025
199,902,90.2,1.0,0.1,0.9005,19125
200,901,90.1,2.0,0.2,0.9,19225
201,902,90.2,1.0,0.1,0.8995,19325
202,902,90.2,1.0,0.1,0.899,19334
203,902,90.2,1.0,0.1,0.8985,19434
204,902,90.2,1.0,0.1,0.898,19472
205,880,88.0,2.0,0.2,0.8975,19572
206,882,88.2,2.0,0.2,0.897,19672
207,902,90.2,1.0,0.1,0.8965,19772
208,902,90.2,1.0,0.1,0.896,19872
209,835,83.5,2.0,0.2,0.8955,19972
210,902,90.2,1.0,0.1,0.895,20072
211,902,90.2,1.0,0.1,0.8945,20078
212,902,90.2,1.0,0.1,0.894,20178
213,902,90.2,1.0,0.1,0.8935,20278
214,902,90.2,1.0,0.1,0.893,20378
215,902,90.2,1.0,0.1,0.8925,20478
216,902,90.2,1.0,0.1,0.892,20578
217,902,90.2,1.0,0.1,0.8915,20678
218,902,90.2,1.0,0.1,0.891,20778
219,902,90.2,1.0,0.1,0.8905,20878
220,902,90.2,1.0,0.1,0.89,20978
221,902,90.2,1.0,0.1,0.8895,21078
222,902,90.2,1.0,0.1,0.889,21178
223,902,90.2,1.0,0.1,0.8885,21278
224,902,90.2,1.0,0.1,0.888,21378
225,857,85.7,2.0,0.2,0.8875,21423
226,896,89.6,2.0,0.2,0.887,21523
227,902,90.2,1.0,0.1,0.8865,21623
228,824,82.4,2.0,0.2,0.886,21723
229,836,83.6,2.0,0.2,0.8855,21823
230,869,86.9,2.0,0.2,0.885,21923
231,902,90.2,1.0,0.1,0.8845,22023
232,872,87.2,2.0,0.2,0.884,22123
233,853,85.3,2.0,0.2,0.8835,22223
234,902,90.2,1.0,0.1,0.883,22323
235,902,90.2,1.0,0.1,0.8825,22423
236,902,90.2,1.0,0.1,0.882,22523
237,902,90.2,1.0,0.1,0.8815,22623
238,902,90.2,1.0,0.1,0.881,22723
239,902,90.2,1.0,0.1,0.8805,22823
240,902,90.2,1.0,0.1,0.88,22923
241,902,90.2,1.0,0.1,0.8795,23023
242,902,90.2,1.0,0.1,0.879,23123
243,870,87.0,2.0,0.2,0.8785,23223
244,902,90.2,1.0,0.1,0.878,23323
245,902,90.2,1.0,0.1,0.8775,23423
246,902,90.2,1.0,0.1,0.877,23523
247,854,85.4,2.0,0.2,0.8765,23623
248,902,90.2,1.0,0.1,0.876,23627
249,902,90.2,1.0,0.1,0.8755,23648
250,902,90.2,1.0,0.1,0.875,23748
251,902,90.2,1.0,0.1,0.8745,23848
252,837,83.7,2.0,0.2,0.874,23948
253,892,89.2,2.0,0.2,0.8735,24048
254,902,90.2,1.0,0.1,0.873,24148
255,902,90.2,1.0,0.1,0.8725,24158
256,902,90.2,1.0,0.1,0.872,24258
257,902,90.2,1.0,0.1,0.8715,24259
258,902,90.2,1.0,0.1,0.871,24359
259,902,90.2,1.0,0.1,0.8705,24459
260,902,90.2,1.0,0.1,0.87,24559
261,902,90.2,1.0,0.1,0.8695,24659
262,902,90.2,1.0,0.1,0.869,24759
263,902,90.2,1.0,0.1,0.8685,24859
264,902,90.2,1.0,0.1,0.868,24959
265,819,81.9,2.0,0.2,0.8675,25059
266,902,90.2,1.0,0.1,0.867,25159
267,902,90.2,1.0,0.1,0.8665,25259
268,902,90.2,1.0,0.1,0.866,25359
269,902,90.2,1.0,0.1,0.8655,25459
270,902,90.2,1.0,0.1,0.865,25559
271,836,83.6,2.0,0.2,0.8645,25585
272,857,85.7,2.0,0.2,0.864,25685
273,902,90.2,1.0,0.1,0.8635,25785
274,902,90.2,1.0,0.1,0.863,25885
275,871,87.1,3.0,0.3,0.8625,25985
276,867,86.7,2.0,0.2,0.862,26085
277,902,90.2,1.0,0.1,0.8615,26185
278,902,90.2,1.0,0.1,0.861,26285
279,892,89.2,2.0,0.2,0.8605,26385
280,902,90.2,1.0,0.1,0.86,26485
281,845,84.5,2.0,0.2,0.8595,26585
282,836,83.6,2.0,0.2,0.859,26685
283,847,84.7,2.0,0.2,0.8585,26785
284,902,90.2,1.0,0.1,0.858,26885
285,902,90.2,1.0,0.1,0.8575,26985
286,825,82.5,3.0,0.3,0.857,27085
287,902,90.2,1.0,0.1,0.8565,27185
288,819,81.9,2.0,0.2,0.856,27285
289,902,90.2,1.0,0.1,0.8555,27302
290,902,90.2,1.0,0.1,0.855,27329
291,902,90.2,1.0,0.1,0.8545,27429
292,902,90.2,1.0,0.1,0.854,27529
293,902,90.2,1.0,0.1,0.8535,27543
294,902,90.2,1.0,0.1,0.853,27643
295,902,90.2,1.0,0.1,0.8525,27743
296,902,90.2,1.0,0.1,0.852,27843
297,821,82.1,2.0,0.2,0.8515,27943
298,902,90.2,1.0,0.1,0.851,28043
299,902,90.2,1.0,0.1,0.8505,28143
300,902,90.2,1.0,0.1,0.85,28243
301,902,90.2,1.0,0.1,0.8495,28343
302,821,82.1,2.0,0.2,0.849,28351
303,902,90.2,1.0,0.1,0.8485,28451
304,820,82.0,2.0,0.2,0.848,28551
305,818,81.8,2.0,0.2,0.8475,28651
306,831,83.1,2.0,0.2,0.847,28751
307,830,83.0,2.0,0.2,0.8465,28851
308,895,89.5,2.0,0.2,0.846,28951
309,897,89.7,2.0,0.2,0.8455,29051
310,815,81.5,2.0,0.2,0.845,29151
311,885,88.5,2.0,0.2,0.8445,29251
312,819,81.9,2.0,0.2,0.844,29351
313,886,88.6,2.0,0.2,0.8435,29451
314,823,82.3,2.0,0.2,0.843,29551
315,820,82.0,2.0,0.2,0.8425,29651
316,817,81.7,2.0,0.2,0.842,29751
317,821,82.1,2.0,0.2,0.8415,29851
318,902,90.2,1.0,0.1,0.841,29951
319,893,89.3,2.0,0.2,0.8405,30051
320,818,81.8,2.0,0.2,0.84,30151
321,902,90.2,1.0,0.1,0.8395,30251
322,814,81.4,2.0,0.2,0.839,30351
323,831,83.1,2.0,0.2,0.8385,30451
324,816,81.6,2.0,0.2,0.838,30551
325,817,81.7,2.0,0.2,0.8375,30651
326,902,90.2,1.0,0.1,0.837,30751
327,829,82.9,2.0,0.2,0.8365,30851
328,902,90.2,1.0,0.1,0.836,30951
329,835,83.5,3.0,0.3,0.8355,31051
330,847,84.7,2.0,0.2,0.835,31099
331,834,83.4,2.0,0.2,0.8345,31199
332,901,90.1,2.0,0.2,0.834,31299
333,902,90.2,1.0,0.1,0.8335,31399
334,817,81.7,2.0,0.2,0.833,31460
335,902,90.2,1.0,0.1,0.8325,31560
336,902,90.2,1.0,0.1,0.832,31660
337,902,90.2,1.0,0.1,0.8315,31760
338,902,90.2,1.0,0.1,0.831,31860
339,813,81.3,2.0,0.2,0.8305,31960
340,902,90.2,1.0,0.1,0.83,32060
341,825,82.5,2.0,0.2,0.8295,32160
342,820,82.0,3.0,0.3,0.829,32260
343,793,79.3,3.0,0.3,0.8285,32360
344,815,81.5,2.0,0.2,0.828,32460
345,806,80.6,3.0,0.3,0.8275,32560
346,818,81.8,3.0,0.3,0.827,32660
347,822,82.2,2.0,0.2,0.8265,32760
348,902,90.2,1.0,0.1,0.826,32860
349,827,82.7,2.0,0.2,0.8255,32960
350,815,81.5,2.0,0.2,0.825,33060
351,902,90.2,1.0,0.1,0.8245,33105
352,813,81.3,2.0,0.2,0.824,33205
353,902,90.2,1.0,0.1,0.8235,33305
354,815,81.5,2.0,0.2,0.823,33405
355,827,82.7,2.0,0.2,0.8225,33505
356,902,90.2,1.0,0.1,0.822,33605
357,832,83.2,2.0,0.2,0.8215,33642
358,902,90.2,1.0,0.1,0.821,33742
359,818,81.8,2.0,0.2,0.8205,33842
360,837,83.7,2.0,0.2,0.82,33942
361,816,81.6,3.0,0.3,0.8195,34042
362,813,81.3,2.0,0.2,0.819,34053
363,789,78.9,5.0,0.5,0.8185,34153
364,902,90.2,1.0,0.1,0.818,34253
365,902,90.2,1.0,0.1,0.8175,34262
366,827,82.7,2.0,0.2,0.817,34362
367,786,78.6,3.0,0.3,0.8165,34375
368,902,90.2,1.0,0.1,0.816,34475
369,831,83.1,2.0,0.2,0.8155,34575
370,815,81.5,2.0,0.2,0.815,34675
371,803,80.3,3.0,0.3,0.8145,34775
372,902,90.2,1.0,0.1,0.814,34783
373,868,86.8,2.0,0.2,0.8135,34883
374,866,86.6,2.0,0.2,0.813,34983
375,805,80.5,3.0,0.3,0.8125,35083
376,902,90.2,1.0,0.1,0.812,35183
377,821,82.1,2.0,0.2,0.8115,35283
378,817,81.7,3.0,0.3,0.811,35298
379,817,81.7,2.0,0.2,0.8105,35398
380,814,81.4,2.0,0.2,0.81,35498
381,835,83.5,2.0,0.2,0.8095,35598
382,825,82.5,3.0,0.3,0.809,35698
383,902,90.2,1.0,0.1,0.8085,35798
384,815,81.5,2.0,0.2,0.808,35883
385,902,90.2,1.0,0.1,0.8075,35983
386,813,81.3,2.0,0.2,0.807,36058
387,817,81.7,2.0,0.2,0.8065,36158
388,775,77.5,3.0,0.3,0.806,36258
389,813,81.3,2.0,0.2,0.8055,36358
390,902,90.2,1.0,0.1,0.805,36458
391,823,82.3,2.0,0.2,0.8045,36546
392,765,76.5,3.0,0.3,0.804,36646
393,851,85.1,2.0,0.2,0.8035,36746
394,887,88.7,2.0,0.2,0.803,36846
395,798,79.8,3.0,0.3,0.8025,36946
396,813,81.3,2.0,0.2,0.802,37046
397,822,82.2,2.0,0.2,0.8015,37146
398,902,90.2,1.0,0.1,0.801,37246
399,805,80.5,3.0,0.3,0.8005,37346
400,880,88.0,2.0,0.2,0.8,37446
401,773,77.3,3.0,0.3,0.7995,37546
402,756,75.6,3.0,0.3,0.799,37646
403,902,90.2,1.0,0.1,0.7985,37695
404,797,79.7,3.0,0.3,0.798,37795
405,902,90.2,1.0,0.1,0.7975,37895
406,823,82.3,2.0,0.2,0.797,37995
407,902,90.2,1.0,0.1,0.7965,38095
408,902,90.2,1.0,0.1,0.796,38195
409,902,90.2,1.0,0.1,0.7955,38295
410,816,81.6,2.0,0.2,0.795,38395
411,781,78.1,3.0,0.3,0.7945,38495
412,761,76.1,3.0,0.3,0.794,38595
413,813,81.3,2.0,0.2,0.7935,38621
414,798,79.8,3.0,0.3,0.793,38721
415,902,90.2,1.0,0.1,0.7925,38821
416,816,81.6,2.0,0.2,0.792,38921
417,792,79.2,3.0,0.3,0.7915,39021
418,813,81.3,2.0,0.2,0.791,39121
419,790,79.0,4.0,0.4,0.7905,39199
420,813,81.3,2.0,0.2,0.79,39299
421,843,84.3,2.0,0.2,0.7895,39399
422,902,90.2,1.0,0.1,0.789,39499
423,810,81.0,3.0,0.3,0.7885,39558
424,822,82.2,2.0,0.2,0.788,39658
425,822,82.2,2.0,0.2,0.7875,39758
426,813,81.3,2.0,0.2,0.787,39858
427,828,82.8,2.0,0.2,0.7865,39958
428,852,85.2,2.0,0.2,0.786,39962
429,814,81.4,2.0,0.2,0.7855,40015
430,818,81.8,2.0,0.2,0.785,40115
431,774,77.4,3.0,0.3,0.7845,40215
432,902,90.2,1.0,0.1,0.784,40315
433,897,89.7,2.0,0.2,0.7835,40415
434,813,81.3,2.0,0.2,0.783,40515
435,815,81.5,2.0,0.2,0.7825,40615
436,815,81.5,2.0,0.2,0.782,40715
437,820,82.0,3.0,0.3,0.7815,40776
438,860,86.0,2.0,0.2,0.781,40876
439,813,81.3,2.0,0.2,0.7805,40976
440,813,81.3,2.0,0.2,0.78,41076
441,817,81.7,2.0,0.2,0.7795,41176
442,817,81.7,2.0,0.2,0.779,41276
443,813,81.3,2.0,0.2,0.7785,41376
444,902,90.2,1.0,0.1,0.778,41476
445,759,75.9,3.0,0.3,0.7775,41576
446,839,83.9,2.0,0.2,0.777,41676
447,801,80.1,3.0,0.3,0.7765,41702
448,819,81.9,2.0,0.2,0.776,41802
449,858,85.8,2.0,0.2,0.7755,41821
450,802,80.2,3.0,0.3,0.775,41921
451,760,76.0,3.0,0.3,0.7745,42021
452,792,79.2,3.0,0.3,0.774,42022
453,797,79.7,3.0,0.3,0.7735,42122
454,813,81.3,2.0,0.2,0.773,42222
455,813,81.3,2.0,0.2,0.7725,42322
456,765,76.5,3.0,0.3,0.772,42422
457,800,80.0,3.0,0.3,0.7715,42522
458,813,81.3,2.0,0.2,0.771,42622
459,735,73.5,3.0,0.3,0.7705,42722
460,813,81.3,2.0,0.2,0.77,42822
461,781,78.1,3.0,0.3,0.7695,42922
462,813,81.3,2.0,0.2,0.769,43022
463,805,80.5,3.0,0.3,0.7685,43122
464,766,76.6,3.0,0.3,0.768,43222
465,726,72.6,4.0,0.4,0.7675,43322
466,813,81.3,2.0,0.2,0.767,43422
467,813,81.3,2.0,0.2,0.7665,43522
468,813,81.3,2.0,0.2,0.766,43531
469,783,78.3,3.0,0.3,0.7655,43631
470,813,81.3,3.0,0.3,0.765,43731
471,779,77.9,4.0,0.4,0.7645,43831
472,813,81.3,2.0,0.2,0.764,43931
473,751,75.1,3.0,0.3,0.7635,44031
474,745,74.5,3.0,0.3,0.763,44131
475,813,81.3,2.0,0.2,0.7625,44231
476,813,81.3,2.0,0.2,0.762,44316
477,786,78.6,3.0,0.3,0.7615,44416
478,775,77.5,3.0,0.3,0.761,44420
479,754,75.4,4.0,0.4,0.7605,44502
480,806,80.6,3.0,0.3,0.76,44595
481,776,77.6,4.0,0.4,0.7595,44695
482,757,75.7,3.0,0.3,0.759,44795
483,813,81.3,2.0,0.2,0.7585,44895
484,813,81.3,2.0,0.2,0.758,44944
485,813,81.3,2.0,0.2,0.7575,45044
486,813,81.3,2.0,0.2,0.757,45144
487,788,78.8,3.0,0.3,0.7565,45168
488,813,81.3,2.0,0.2,0.756,45268
489,728,72.8,4.0,0.4,0.7555,45368
490,813,81.3,2.0,0.2,0.755,45468
491,758,75.8,4.0,0.4,0.7545,45506
492,813,81.3,2.0,0.2,0.754,45606
493,813,81.3,2.0,0.2,0.7535,45706
494,741,74.1,3.0,0.3,0.753,45806
495,813,81.3,2.0,0.2,0.7525,45839
496,720,72.0,4.0,0.4,0.752,45939
497,813,81.3,2.0,0.2,0.7515,46039
498,706,70.6,4.0,0.4,0.751,46139
499,734,73.4,4.0,0.4,0.7505,46239
500,734,73.4,3.0,0.3,0.75,46339
501,728,72.8,4.0,0.4,0.7495,46416
502,786,78.6,3.0,0.3,0.749,46516
503,770,77.0,3.0,0.3,0.7485,46616
504,676,67.6,4.0,0.4,0.748,46716
505,794,79.4,3.0,0.3,0.7475,46816
506,799,79.9,3.0,0.3,0.747,46916
507,782,78.2,4.0,0.4,0.7465,47016
508,741,74.1,4.0,0.4,0.746,47116
509,761,76.1,4.0,0.4,0.7455,47196
510,813,81.3,2.0,0.2,0.745,47296
511,747,74.7,3.0,0.3,0.7445,47396
512,741,74.1,3.0,0.3,0.744,47496
513,672,67.2,4.0,0.4,0.7435,47595
514,715,71.5,4.0,0.4,0.743,47695
515,731,73.1,3.0,0.3,0.7425,47795
516,731,73.1,3.0,0.3,0.742,47802
517,639,63.9,5.0,0.5,0.7415,47902
518,731,73.1,3.0,0.3,0.741,48002
519,704,70.4,4.0,0.4,0.7405,48102
520,681,68.1,4.0,0.4,0.74,48202
521,731,73.1,3.0,0.3,0.7395,48302
522,731,73.1,3.0,0.3,0.739,48379
523,660,66.0,4.0,0.4,0.7385,48479
524,684,68.4,4.0,0.4,0.738,48579
525,717,71.7,4.0,0.4,0.7375,48679
526,731,73.1,3.0,0.3,0.737,48779
527,729,72.9,4.0,0.4,0.7365,48879
528,731,73.1,3.0,0.3,0.736,48979
529,731,73.1,3.0,0.3,0.7355,49079
530,731,73.1,3.0,0.3,0.735,49179
531,731,73.1,3.0,0.3,0.7345,49279
532,731,73.1,3.0,0.3,0.734,49379
533,731,73.1,3.0,0.3,0.7335,49479
534,686,68.6,4.0,0.4,0.733,49579
535,655,65.5,5.0,0.5,0.7325,49679
536,731,73.1,3.0,0.3,0.732,49779
537,731,73.1,3.0,0.3,0.7315,49810
538,731,73.1,3.0,0.3,0.731,49884
539,696,69.6,4.0,0.4,0.7305,49904
540,664,66.4,4.0,0.4,0.73,50004
541,709,70.9,4.0,0.4,0.7295,50104
542,731,73.1,3.0,0.3,0.729,50204
543,731,73.1,3.0,0.3,0.7285,50242
544,693,69.3,4.0,0.4,0.728,50342
545,731,73.1,3.0,0.3,0.7275,50442
546,731,73.1,3.0,0.3,0.727,50542
547,731,73.1,3.0,0.3,0.7265,50642
548,681,68.1,4.0,0.4,0.726,50742
549,693,69.3,4.0,0.4,0.7255,50842
550,684,68.4,4.0,0.4,0.725,50896
551,731,73.1,3.0,0.3,0.7245,50930
552,642,64.2,5.0,0.5,0.724,51030
553,719,71.9,4.0,0.4,0.7235,51130
554,677,67.7,4.0,0.4,0.723,51207
555,676,67.6,4.0,0.4,0.7225,51307
556,644,64.4,5.0,0.5,0.722,51407
557,666,66.6,5.0,0.5,0.7215,51507
558,731,73.1,3.0,0.3,0.721,51607
559,701,70.1,4.0,0.4,0.7205,51626
560,731,73.1,3.0,0.3,0.72,51726
561,731,73.1,3.0,0.3,0.7195,51826
562,711,71.1,4.0,0.4,0.719,51926
563,671,67.1,4.0,0.4,0.7185,52020
564,602,60.2,6.0,0.6,0.718,52120
565,731,73.1,3.0,0.3,0.7175,52157
566,678,67.8,5.0,0.5,0.717,52190
567,712,71.2,4.0,0.4,0.7165,52290
568,731,73.1,3.0,0.3,0.716,52390
569,682,68.2,5.0,0.5,0.7155,52490
570,706,70.6,4.0,0.4,0.715,52590
571,731,73.1,3.0,0.3,0.7145,52591
572,731,73.1,3.0,0.3,0.714,52611
573,705,70.5,4.0,0.4,0.7135,52698
574,690,69.0,4.0,0.4,0.713,52765
575,641,64.1,6.0,0.6,0.7125,52865
576,731,73.1,3.0,0.3,0.712,52965
577,715,71.5,4.0,0.4,0.7115,53065
578,731,73.1,3.0,0.3,0.711,53165
579,604,60.4,5.0,0.5,0.7105,53232
580,718,71.8,4.0,0.4,0.71,53332
581,731,73.1,3.0,0.3,0.7095,53432
582,654,65.4,5.0,0.5,0.709,53532
583,709,70.9,4.0,0.4,0.7085,53632
584,691,69.1,4.0,0.4,0.708,53643
585,631,63.1,5.0,0.5,0.7075,53743
586,731,73.1,3.0,0.3,0.707,53842
587,731,73.1,3.0,0.3,0.7065,53942
588,709,70.9,4.0,0.4,0.706,54042
589,643,64.3,5.0,0.5,0.7055,54142
590,677,67.7,4.0,0.4,0.705,54242
591,672,67.2,4.0,0.4,0.7045,54332
592,674,67.4,5.0,0.5,0.704,54376
593,683,68.3,4.0,0.4,0.7035,54476
594,688,68.8,4.0,0.4,0.703,54521
595,651,65.1,5.0,0.5,0.7025,54621
596,702,70.2,4.0,0.4,0.702,54628
597,731,73.1,3.0,0.3,0.7015,54728
598,731,73.1,3.0,0.3,0.701,54828
599,660,66.0,5.0,0.5,0.7005,54846
600,705,70.5,4.0,0.4,0.7,54946
601,667,66.7,5.0,0.5,0.6995,55046
602,693,69.3,4.0,0.4,0.699,55146
603,731,73.1,3.0,0.3,0.6985,55228
604,663,66.3,4.0,0.4,0.698,55328
605,731,73.1,3.0,0.3,0.6975,55428
606,721,72.1,5.0,0.5,0.697,55528
607,658,65.8,5.0,0.5,0.6965,55537
608,725,72.5,4.0,0.4,0.696,55637
609,697,69.7,4.0,0.4,0.6955,55737
610,656,65.6,5.0,0.5,0.695,55837
611,721,72.1,4.0,0.4,0.6945,55937
612,724,72.4,4.0,0.4,0.694,56037
613,731,73.1,3.0,0.3,0.6935,56137
614,645,64.5,5.0,0.5,0.693,56237
615,648,64.8,5.0,0.5,0.6925,56337
616,702,70.2,4.0,0.4,0.692,56407
617,603,60.3,5.0,0.5,0.6915,56479
618,672,67.2,4.0,0.4,0.691,56579
619,625,62.5,5.0,0.5,0.6905,56616
620,731,73.1,3.0,0.3,0.69,56668
621,628,62.8,5.0,0.5,0.6895,56768
622,630,63.0,6.0,0.6,0.689,56827
623,661,66.1,4.0,0.4,0.6885,56927
624,692,69.2,5.0,0.5,0.688,57027
625,694,69.4,5.0,0.5,0.6875,57096
626,677,67.7,4.0,0.4,0.687,57196
627,708,70.8,4.0,0.4,0.6865,57207
628,650,65.0,6.0,0.6,0.686,57210
629,686,68.6,5.0,0.5,0.6855,57310
630,608,60.8,5.0,0.5,0.685,57358
631,639,63.9,5.0,0.5,0.6845,57458
632,640,64.0,7.0,0.7,0.684,57558
633,629,62.9,5.0,0.5,0.6835,57658
634,596,59.6,6.0,0.6,0.683,57695
635,731,73.1,3.0,0.3,0.6825,57795
636,660,66.0,6.0,0.6,0.682,57804
637,671,67.1,4.0,0.4,0.6815,57902
638,664,66.4,4.0,0.4,0.681,58002
639,675,67.5,5.0,0.5,0.6805,58102
640,731,73.1,3.0,0.3,0.68,58202
641,558,55.8,6.0,0.6,0.6795,58302
642,664,66.4,4.0,0.4,0.679,58402
643,594,59.4,6.0,0.6,0.6785,58487
644,643,64.3,6.0,0.6,0.678,58587
645,580,58.0,6.0,0.6,0.6775,58616
646,617,61.7,5.0,0.5,0.677,58684
647,539,53.9,6.0,0.6,0.6765,58784
648,669,66.9,4.0,0.4,0.676,58884
649,663,66.3,4.0,0.4,0.6755,58984
650,592,59.2,5.0,0.5,0.675,59084
651,546,54.6,6.0,0.6,0.6745,59130
652,576,57.6,6.0,0.6,0.674,59190
653,583,58.3,5.0,0.5,0.6735,59290
654,599,59.9,6.0,0.6,0.673,59390
655,666,66.6,4.0,0.4,0.6725,59399
656,600,60.0,6.0,0.6,0.672,59499
657,660,66.0,4.0,0.4,0.6715,59599
658,546,54.6,6.0,0.6,0.671,59699
659,629,62.9,5.0,0.5,0.6705,59737
660,649,64.9,5.0,0.5,0.67,59808
661,628,62.8,6.0,0.6,0.6695,59908
662,610,61.0,6.0,0.6,0.669,60008
663,611,61.1,5.0,0.5,0.6685,60108
664,586,58.6,6.0,0.6,0.668,60208
665,660,66.0,4.0,0.4,0.6675,60274
666,670,67.0,4.0,0.4,0.667,60332
667,651,65.1,5.0,0.5,0.6665,60432
668,610,61.0,5.0,0.5,0.666,60532
669,608,60.8,6.0,0.6,0.6655,60569
670,564,56.4,6.0,0.6,0.665,60669
671,643,64.3,5.0,0.5,0.6645,60769
672,657,65.7,4.0,0.4,0.664,60847
673,619,61.9,5.0,0.5,0.6635,60906
674,635,63.5,5.0,0.5,0.663,60991
675,662,66.2,5.0,0.5,0.6625,61091
676,599,59.9,5.0,0.5,0.662,61143
677,530,53.0,6.0,0.6,0.6615,61195
678,589,58.9,5.0,0.5,0.661,61295
679,657,65.7,5.0,0.5,0.6605,61395
680,526,52.6,6.0,0.6,0.66,61495
681,548,54.8,7.0,0.7,0.6595,61585
682,584,58.4,6.0,0.6,0.659,61685
683,589,58.9,6.0,0.6,0.6585,61735
684,660,66.0,4.0,0.4,0.658,61774
685,627,62.7,5.0,0.5,0.6575,61847
686,626,62.6,5.0,0.5,0.657,61947
687,571,57.1,6.0,0.6,0.6565,62047
688,599,59.9,5.0,0.5,0.656,62131
689,537,53.7,6.0,0.6,0.6555,62231
690,568,56.8,7.0,0.7,0.655,62299
691,662,66.2,5.0,0.5,0.6545,62399
692,616,61.6,6.0,0.6,0.654,62499
693,587,58.7,6.0,0.6,0.6535,62528
694,561,56.1,6.0,0.6,0.653,62628
695,619,61.9,6.0,0.6,0.6525,62710
696,627,62.7,5.0,0.5,0.652,62807
697,601,60.1,6.0,0.6,0.6515,62844
698,585,58.5,5.0,0.5,0.651,62886
699,594,59.4,5.0,0.5,0.6505,62888
700,544,54.4,6.0,0.6,0.65,62988
701,623,62.3,5.0,0.5,0.6495,62991
702,551,55.1,7.0,0.7,0.649,63060
703,583,58.3,6.0,0.6,0.6485,63099
704,506,50.6,6.0,0.6,0.648,63199
705,520,52.0,6.0,0.6,0.6475,63270
706,584,58.4,5.0,0.5,0.647,63370
707,517,51.7,7.0,0.7,0.6465,63373
708,606,60.6,5.0,0.5,0.646,63439
709,589,58.9,5.0,0.5,0.6455,63539
710,590,59.0,5.0,0.5,0.645,63639
711,558,55.8,6.0,0.6,0.6445,63739
712,590,59.0,6.0,0.6,0.644,63839
713,604,60.4,5.0,0.5,0.6435,63939
714,605,60.5,5.0,0.5,0.643,64039
715,587,58.7,5.0,0.5,0.6425,64139
716,619,61.9,7.0,0.7,0.642,64233
717,640,64.0,5.0,0.5,0.6415,64321
718,618,61.8,5.0,0.5,0.641,64421
719,608,60.8,6.0,0.6,0.6405,64432
720,520,52.0,7.0,0.7,0.64,64532
721,614,61.4,7.0,0.7,0.6395,64632
722,603,60.3,5.0,0.5,0.639,64710
723,575,57.5,6.0,0.6,0.6385,64757
724,528,52.8,6.0,0.6,0.638,64803
725,579,57.9,6.0,0.6,0.6375,64903
726,580,58.0,5.0,0.5,0.637,65003
727,586,58.6,5.0,0.5,0.6365,65078
728,620,62.0,5.0,0.5,0.636,65139
729,558,55.8,7.0,0.7,0.6355,65239
730,577,57.7,7.0,0.7,0.635,65325
731,534,53.4,6.0,0.6,0.6345,65350
732,601,60.1,5.0,0.5,0.634,65450
733,580,58.0,6.0,0.6,0.6335,65533
734,586,58.6,6.0,0.6,0.633,65621
735,561,56.1,7.0,0.7,0.6325,65651
736,587,58.7,6.0,0.6,0.632,65708
737,538,53.8,7.0,0.7,0.6315,65808
738,614,61.4,5.0,0.5,0.631,65903
739,543,54.3,7.0,0.7,0.6305,65993
740,523,52.3,7.0,0.7,0.63,66093
741,544,54.4,7.0,0.7,0.6295,66122
742,536,53.6,6.0,0.6,0.629,66222
743,536,53.6,6.0,0.6,0.6285,66280
744,532,53.2,8.0,0.8,0.628,66380
745,502,50.2,7.0,0.7,0.6275,66480
746,507,50.7,8.0,0.8,0.627,66555
747,527,52.7,7.0,0.7,0.6265,66641
748,523,52.3,6.0,0.6,0.626,66703
749,512,51.2,7.0,0.7,0.6255,66766
750,508,50.8,8.0,0.8,0.625,66866
751,512,51.2,8.0,0.8,0.6245,66966
752,479,47.9,9.0,0.9,0.624,67066
753,478,47.8,8.0,0.8,0.6235,67166
754,513,51.3,6.0,0.6,0.623,67217
755,460,46.0,8.0,0.8,0.6225,67281
756,478,47.8,8.0,0.8,0.622,67381
757,536,53.6,7.0,0.7,0.6215,67481
758,465,46.5,8.0,0.8,0.621,67502
759,563,56.3,7.0,0.7,0.6205,67520
760,442,44.2,8.0,0.8,0.62,67550
761,452,45.2,8.0,0.8,0.6195,67619
762,493,49.3,8.0,0.8,0.619,67647
763,459,45.9,8.0,0.8,0.6185,67650
764,438,43.8,8.0,0.8,0.618,67695
765,430,43.0,8.0,0.8,0.6175,67795
766,398,39.8,9.0,0.9,0.617,67843
767,471,47.1,8.0,0.8,0.6165,67943
768,449,44.9,8.0,0.8,0.616,67949
769,413,41.3,8.0,0.8,0.6155,68018
770,529,52.9,8.0,0.8,0.615,68046
771,486,48.6,8.0,0.8,0.6145,68146
772,455,45.5,8.0,0.8,0.614,68246
773,366,36.6,9.0,0.9,0.6135,68290
774,438,43.8,9.0,0.9,0.613,68344
775,478,47.8,8.0,0.8,0.6125,68423
776,382,38.2,9.0,0.9,0.612,68523
777,410,41.0,8.0,0.8,0.6115,68602
778,452,45.2,7.0,0.7,0.611,68618
779,478,47.8,8.0,0.8,0.6105,68718
780,452,45.2,8.0,0.8,0.61,68775
781,390,39.0,8.0,0.8,0.6095,68875
782,402,40.2,9.0,0.9,0.609,68968
783,444,44.4,9.0,0.9,0.6085,68981
784,451,45.1,7.0,0.7,0.608,69081
785,469,46.9,7.0,0.7,0.6075,69141
786,410,41.0,8.0,0.8,0.607,69196
787,441,44.1,8.0,0.8,0.6065,69240
788,463,46.3,8.0,0.8,0.606,69247
789,506,50.6,7.0,0.7,0.6055,69347
790,397,39.7,8.0,0.8,0.605,69447
791,401,40.1,8.0,0.8,0.6045,69547
792,407,40.7,8.0,0.8,0.604,69647
793,414,41.4,8.0,0.8,0.6035,69688
794,452,45.2,8.0,0.8,0.603,69788
795,440,44.0,8.0,0.8,0.6025,69888
796,409,40.9,8.0,0.8,0.602,69988
797,436,43.6,9.0,0.9,0.6015,70053
798,394,39.4,9.0,0.9,0.601,70119
799,415,41.5,8.0,0.8,0.6005,70219
800,412,41.2,8.0,0.8,0.6,70296
801,390,39.0,8.0,0.8,0.5995,70396
802,386,38.6,8.0,0.8,0.599,70458
803,429,42.9,8.0,0.8,0.5985,70488
804,404,40.4,9.0,0.9,0.598,70540
805,415,41.5,8.0,0.8,0.5975,70640
806,397,39.7,8.0,0.8,0.597,70687
807,451,45.1,7.0,0.7,0.5965,70787
808,394,39.4,8.0,0.8,0.596,70875
809,416,41.6,8.0,0.8,0.5955,70975
810,346,34.6,9.0,0.9,0.595,71075
811,406,40.6,8.0,0.8,0.5945,71114
812,347,34.7,9.0,0.9,0.594,71205
813,389,38.9,8.0,0.8,0.5935,71214
814,381,38.1,8.0,0.8,0.593,71314
815,355,35.5,9.0,0.9,0.5925,71335
816,387,38.7,8.0,0.8,0.592,71336
817,357,35.7,9.0,0.9,0.5915,71398
818,383,38.3,8.0,0.8,0.591,71454
819,378,37.8,9.0,0.9,0.5905,71529
820,389,38.9,8.0,0.8,0.59,71629
821,384,38.4,8.0,0.8,0.5895,71729
822,401,40.1,8.0,0.8,0.589,71829
823,370,37.0,9.0,0.9,0.5885,71845
824,364,36.4,9.0,0.9,0.588,71892
825,369,36.9,9.0,0.9,0.5875,71992
826,410,41.0,9.0,0.9,0.587,72003
827,338,33.8,9.0,0.9,0.5865,72006
828,357,35.7,9.0,0.9,0.586,72106
829,406,40.6,9.0,0.9,0.5855,72206
830,381,38.1,9.0,0.9,0.585,72306
831,385,38.5,8.0,0.8,0.5845,72325
832,385,38.5,8.0,0.8,0.584,72408
833,405,40.5,8.0,0.8,0.5835,72508
834,392,39.2,8.0,0.8,0.583,72509
835,387,38.7,8.0,0.8,0.5825,72519
836,351,35.1,9.0,0.9,0.582,72560
837,392,39.2,8.0,0.8,0.5815,72660
838,403,40.3,9.0,0.9,0.581,72760
839,350,35.0,9.0,0.9,0.5805,72860
840,358,35.8,9.0,0.9,0.58,72960
841,350,35.0,9.0,0.9,0.5795,73060
842,387,38.7,8.0,0.8,0.579,73160
843,334,33.4,9.0,0.9,0.5785,73260
844,343,34.3,9.0,0.9,0.578,73293
845,392,39.2,8.0,0.8,0.5775,73304
846,334,33.4,9.0,0.9,0.577,73404
847,377,37.7,9.0,0.9,0.5765,73455
848,338,33.8,9.0,0.9,0.576,73524
849,383,38.3,9.0,0.9,0.5755,73585
850,345,34.5,9.0,0.9,0.575,73653
851,325,32.5,9.0,0.9,0.5745,73717
852,352,35.2,10.0,1.0,0.574,73817
853,387,38.7,8.0,0.8,0.5735,73860
854,339,33.9,9.0,0.9,0.573,73960
855,352,35.2,9.0,0.9,0.5725,74036
856,381,38.1,9.0,0.9,0.572,74098
857,352,35.2,10.0,1.0,0.5715,74100
858,370,37.0,9.0,0.9,0.571,74163
859,349,34.9,9.0,0.9,0.5705,74263
860,398,39.8,8.0,0.8,0.57,74304
861,362,36.2,10.0,1.0,0.5695,74389
862,329,32.9,10.0,1.0,0.569,74463
863,343,34.3,9.0,0.9,0.5685,74563
864,339,33.9,9.0,0.9,0.568,74566
865,328,32.8,9.0,0.9,0.5675,74666
866,342,34.2,9.0,0.9,0.567,74745
867,342,34.2,9.0,0.9,0.5665,74838
868,408,40.8,8.0,0.8,0.566,74920
869,327,32.7,9.0,0.9,0.5655,74996
870,363,36.3,9.0,0.9,0.565,75046
871,321,32.1,9.0,0.9,0.5645,75146
872,321,32.1,9.0,0.9,0.564,75178
873,329,32.9,9.0,0.9,0.5635,75212
874,363,36.3,9.0,0.9,0.563,75227
875,334,33.4,9.0,0.9,0.5625,75297
876,331,33.1,9.0,0.9,0.562,75330
877,390,39.0,8.0,0.8,0.5615,75359
878,326,32.6,9.0,0.9,0.561,75387
879,349,34.9,9.0,0.9,0.5605,75439
880,365,36.5,9.0,0.9,0.56,75495
881,333,33.3,9.0,0.9,0.5595,75528
882,330,33.0,9.0,0.9,0.559,75593
883,339,33.9,9.0,0.9,0.5585,75604
884,325,32.5,9.0,0.9,0.558,75662
885,329,32.9,9.0,0.9,0.5575,75720
886,310,31.0,10.0,1.0,0.557,75788
887,391,39.1,8.0,0.8,0.5565,75867
888,327,32.7,9.0,0.9,0.556,75951
889,387,38.7,9.0,0.9,0.5555,75987
890,389,38.9,9.0,0.9,0.555,76078
891,292,29.2,10.0,1.0,0.5545,76178
892,335,33.5,9.0,0.9,0.554,76181
893,351,35.1,10.0,1.0,0.5535,76197
894,325,32.5,9.0,0.9,0.553,76256
895,337,33.7,9.0,0.9,0.5525,76282
896,329,32.9,9.0,0.9,0.552,76329
897,342,34.2,9.0,0.9,0.5515,76410
898,430,43.0,8.0,0.8,0.551,76462
899,337,33.7,9.0,0.9,0.5505,76562
900,355,35.5,9.0,0.9,0.55,76662
901,323,32.3,9.0,0.9,0.5495,76663
902,356,35.6,9.0,0.9,0.549,76720
903,357,35.7,9.0,0.9,0.5485,76820
904,342,34.2,9.0,0.9,0.548,76913
905,323,32.3,9.0,0.9,0.5475,76979
906,319,31.9,9.0,0.9,0.547,77032
907,336,33.6,9.0,0.9,0.5465,77083
908,323,32.3,9.0,0.9,0.546,77183
909,304,30.4,10.0,1.0,0.5455,77283
910,319,31.9,9.0,0.9,0.545,77346
911,383,38.3,8.0,0.8,0.5445,77424
912,283,28.3,10.0,1.0,0.544,77499
913,362,36.2,9.0,0.9,0.5435,77576
914,338,33.8,9.0,0.9,0.543,77650
915,325,32.5,9.0,0.9,0.5425,77747
916,356,35.6,9.0,0.9,0.542,77798
917,330,33.0,9.0,0.9,0.5415,77840
918,399,39.9,8.0,0.8,0.541,77898
919,348,34.8,9.0,0.9,0.5405,77972
920,305,30.5,10.0,1.0,0.54,78046
921,325,32.5,9.0,0.9,0.5395,78134
922,340,34.0,9.0,0.9,0.539,78175
923,322,32.2,10.0,1.0,0.5385,78258
924,328,32.8,9.0,0.9,0.538,78339
925,333,33.3,9.0,0.9,0.5375,78418
926,326,32.6,9.0,0.9,0.537,78462
927,384,38.4,8.0,0.8,0.5365,78498
928,326,32.6,9.0,0.9,0.536,78563
929,338,33.8,9.0,0.9,0.5355,78611
930,331,33.1,9.0,0.9,0.535,78688
931,348,34.8,9.0,0.9,0.5345,78737
932,333,33.3,9.0,0.9,0.534,78781
933,324,32.4,9.0,0.9,0.5335,78818
934,316,31.6,10.0,1.0,0.533,78852
935,323,32.3,10.0,1.0,0.5325,78920
936,333,33.3,9.0,0.9,0.532,78936
937,314,31.4,10.0,1.0,0.5315,78966
938,344,34.4,9.0,0.9,0.531,78967
939,335,33.5,9.0,0.9,0.5305,79040
940,329,32.9,9.0,0.9,0.53,79116
941,321,32.1,9.0,0.9,0.5295,79138
942,306,30.6,10.0,1.0,0.529,79193
943,331,33.1,9.0,0.9,0.5285,79211
944,332,33.2,9.0,0.9,0.528,79256
945,328,32.8,9.0,0.9,0.5275,79268
946,332,33.2,9.0,0.9,0.527,79368
947,326,32.6,9.0,0.9,0.5265,79401
948,346,34.6,9.0,0.9,0.526,79465
949,325,32.5,9.0,0.9,0.5255,79497
950,318,31.8,9.0,0.9,0.525,79575
951,335,33.5,9.0,0.9,0.5245,79647
952,317,31.7,9.0,0.9,0.524,79737
953,321,32.1,9.0,0.9,0.5235,79833
954,325,32.5,9.0,0.9,0.523,79873
955,330,33.0,9.0,0.9,0.5225,79888
956,293,29.3,10.0,1.0,0.522,79948
957,320,32.0,9.0,0.9,0.5215,79962
958,338,33.8,9.0,0.9,0.521,80047
959,335,33.5,9.0,0.9,0.5205,80068
960,290,29.0,10.0,1.0,0.52,80119
961,282,28.2,10.0,1.0,0.5195,80189
962,330,33.0,9.0,0.9,0.519,80248
963,324,32.4,9.0,0.9,0.5185,80270
964,298,29.8,10.0,1.0,0.518,80367
965,327,32.7,9.0,0.9,0.5175,80406
966,320,32.0,9.0,0.9,0.517,80463
967,324,32.4,9.0,0.9,0.5165,80527
968,321,32.1,9.0,0.9,0.516,80561
969,311,31.1,10.0,1.0,0.5155,80619
970,318,31.8,9.0,0.9,0.515,80694
971,300,30.0,10.0,1.0,0.5145,80715
972,325,32.5,9.0,0.9,0.514,80756
973,320,32.0,9.0,0.9,0.5135,80816
974,324,32.4,9.0,0.9,0.513,80877
975,335,33.5,9.0,0.9,0.5125,80977
976,326,32.6,9.0,0.9,0.512,81073
977,360,36.0,9.0,0.9,0.5115,81128
978,338,33.8,9.0,0.9,0.511,81202
979,317,31.7,9.0,0.9,0.5105,81287
980,362,36.2,9.0,0.9,0.51,81345
981,321,32.1,9.0,0.9,0.5095,81375
982,356,35.6,9.0,0.9,0.509,81414
983,318,31.8,9.0,0.9,0.5085,81511
984,366,36.6,9.0,0.9,0.508,81555
985,317,31.7,9.0,0.9,0.5075,81559
986,305,30.5,10.0,1.0,0.507,81607
987,318,31.8,9.0,0.9,0.5065,81630
988,333,33.3,9.0,0.9,0.506,81678
989,317,31.7,9.0,0.9,0.5055,81713
990,332,33.2,9.0,0.9,0.505,81783
991,293,29.3,10.0,1.0,0.5045,81830
992,318,31.8,9.0,0.9,0.504,81847
993,325,32.5,9.0,0.9,0.5035,81905
994,291,29.1,10.0,1.0,0.503,82005
995,320,32.0,9.0,0.9,0.5025,82077
996,267,26.7,10.0,1.0,0.502,82087
997,343,34.3,9.0,0.9,0.5015,82158
998,317,31.7,9.0,0.9,0.501,82258
999,319,31.9,9.0,0.9,0.5005,82263
1000,279,27.9,10.0,1.0,0.5,82348
1001,318,31.8,9.0,0.9,0.4995,82397
1002,317,31.7,9.0,0.9,0.499,82475
1003,320,32.0,9.0,0.9,0.4985,82513
1004,289,28.9,10.0,1.0,0.498,82559
1005,324,32.4,9.0,0.9,0.4975,82586
1006,324,32.4,9.0,0.9,0.497,82654
1007,383,38.3,8.0,0.8,0.4965,82748
1008,279,27.9,10.0,1.0,0.496,82769
1009,317,31.7,9.0,0.9,0.4955,82808
1010,319,31.9,9.0,0.9,0.495,82809
1011,319,31.9,9.0,0.9,0.4945,82834
1012,277,27.7,10.0,1.0,0.494,82902
1013,319,31.9,9.0,0.9,0.4935,82934
1014,290,29.0,10.0,1.0,0.493,83023
1015,335,33.5,9.0,0.9,0.4925,83089
1016,319,31.9,9.0,0.9,0.492,83152
1017,274,27.4,10.0,1.0,0.4915,83178
1018,324,32.4,10.0,1.0,0.491,83235
1019,317,31.7,9.0,0.9,0.4905,83305
1020,317,31.7,9.0,0.9,0.49,83342
1021,317,31.7,9.0,0.9,0.4895,83387
1022,317,31.7,9.0,0.9,0.489,83427
1023,317,31.7,9.0,0.9,0.4885,83452
1024,317,31.7,9.0,0.9,0.488,83492
1025,318,31.8,9.0,0.9,0.4875,83512
1026,305,30.5,10.0,1.0,0.487,83564
1027,308,30.8,10.0,1.0,0.4865,83593
1028,291,29.1,10.0,1.0,0.486,83637
1029,319,31.9,9.0,0.9,0.4855,83727
1030,317,31.7,9.0,0.9,0.485,83728
1031,317,31.7,9.0,0.9,0.4845,83828
1032,263,26.3,10.0,1.0,0.484,83876
1033,317,31.7,9.0,0.9,0.4835,83973
1034,309,30.9,10.0,1.0,0.483,84010
1035,317,31.7,9.0,0.9,0.4825,84099
1036,321,32.1,9.0,0.9,0.482,84131
1037,317,31.7,9.0,0.9,0.4815,84159
1038,318,31.8,9.0,0.9,0.481,84198
1039,317,31.7,9.0,0.9,0.4805,84265
1040,317,31.7,9.0,0.9,0.48,84305
1041,318,31.8,9.0,0.9,0.4795,84330
1042,282,28.2,10.0,1.0,0.479,84395
1043,317,31.7,9.0,0.9,0.4785,84495
1044,319,31.9,9.0,0.9,0.478,84516
1045,318,31.8,9.0,0.9,0.4775,84540
1046,293,29.3,10.0,1.0,0.477,84595
1047,318,31.8,9.0,0.9,0.4765,84695
1048,317,31.7,9.0,0.9,0.476,84795
1049,272,27.2,10.0,1.0,0.4755,84845
1050,318,31.8,9.0,0.9,0.475,84906
1051,309,30.9,10.0,1.0,0.4745,84907
1052,275,27.5,10.0,1.0,0.474,84966
1053,318,31.8,9.0,0.9,0.4735,84989
1054,312,31.2,10.0,1.0,0.473,85011
1055,263,26.3,10.0,1.0,0.4725,85018
1056,274,27.4,10.0,1.0,0.472,85118
1057,317,31.7,9.0,0.9,0.4715,85201
1058,317,31.7,9.0,0.9,0.471,85273
1059,317,31.7,9.0,0.9,0.4705,85349
1060,256,25.6,10.0,1.0,0.47,85449
1061,317,31.7,9.0,0.9,0.4695,85450
1062,279,27.9,10.0,1.0,0.469,85502
1063,275,27.5,10.0,1.0,0.4685,85539
1064,323,32.3,9.0,0.9,0.468,85580
1065,322,32.2,10.0,1.0,0.4675,85627
1066,269,26.9,10.0,1.0,0.467,85679
1067,317,31.7,9.0,0.9,0.4665,85721
1068,317,31.7,9.0,0.9,0.466,85790
1069,318,31.8,9.0,0.9,0.4655,85881
1070,290,29.0,10.0,1.0,0.465,85943
1071,283,28.3,10.0,1.0,0.4645,86006
1072,269,26.9,10.0,1.0,0.464,86106
1073,317,31.7,9.0,0.9,0.4635,86109
1074,317,31.7,9.0,0.9,0.463,86136
1075,319,31.9,9.0,0.9,0.4625,86180
1076,266,26.6,10.0,1.0,0.462,86193
1077,270,27.0,10.0,1.0,0.4615,86247
1078,267,26.7,10.0,1.0,0.461,86295
1079,258,25.8,10.0,1.0,0.4605,86316
1080,286,28.6,10.0,1.0,0.46,86376
1081,317,31.7,9.0,0.9,0.4595,86377
1082,274,27.4,10.0,1.0,0.459,86395
1083,261,26.1,10.0,1.0,0.4585,86421
1084,311,31.1,10.0,1.0,0.458,86478
1085,262,26.2,10.0,1.0,0.4575,86578
1086,281,28.1,10.0,1.0,0.457,86627
1087,318,31.8,9.0,0.9,0.4565,86681
1088,285,28.5,10.0,1.0,0.456,86732
1089,257,25.7,10.0,1.0,0.4555,86759
1090,270,27.0,10.0,1.0,0.455,86807
1091,280,28.0,10.0,1.0,0.4545,86853
1092,297,29.7,10.0,1.0,0.454,86930
1093,292,29.2,10.0,1.0,0.4535,87030
1094,311,31.1,10.0,1.0,0.453,87035
1095,276,27.6,10.0,1.0,0.4525,87045
1096,318,31.8,9.0,0.9,0.452,87091
1097,256,25.6,10.0,1.0,0.4515,87147
1098,302,30.2,10.0,1.0,0.451,87165
1099,292,29.2,10.0,1.0,0.4505,87193
1100,318,31.8,9.0,0.9,0.45,87279
1101,318,31.8,9.0,0.9,0.4495,87307
1102,264,26.4,10.0,1.0,0.449,87345
1103,264,26.4,10.0,1.0,0.4485,87407
1104,275,27.5,10.0,1.0,0.448,87413
1105,261,26.1,10.0,1.0,0.4475,87470
1106,261,26.1,10.0,1.0,0.447,87528
1107,269,26.9,10.0,1.0,0.4465,87547
1108,258,25.8,10.0,1.0,0.446,87636
1109,264,26.4,10.0,1.0,0.4455,87736
1110,261,26.1,10.0,1.0,0.445,87780
1111,265,26.5,10.0,1.0,0.4445,87834
1112,258,25.8,10.0,1.0,0.444,87864
1113,270,27.0,10.0,1.0,0.4435,87886
1114,262,26.2,10.0,1.0,0.443,87928
1115,260,26.0,10.0,1.0,0.4425,87987
1116,257,25.7,10.0,1.0,0.442,88034
1117,287,28.7,10.0,1.0,0.4415,88053
1118,266,26.6,10.0,1.0,0.441,88097
1119,288,28.8,10.0,1.0,0.4405,88149
1120,289,28.9,10.0,1.0,0.44,88215
1121,258,25.8,10.0,1.0,0.4395,88304
1122,261,26.1,10.0,1.0,0.439,88325
1123,272,27.2,10.0,1.0,0.4385,88385
1124,260,26.0,10.0,1.0,0.438,88389
1125,279,27.9,10.0,1.0,0.4375,88438
1126,297,29.7,10.0,1.0,0.437,88462
1127,278,27.8,10.0,1.0,0.4365,88536
1128,258,25.8,10.0,1.0,0.436,88587
1129,285,28.5,10.0,1.0,0.4355,88641
1130,260,26.0,10.0,1.0,0.435,88687
1131,256,25.6,10.0,1.0,0.4345,88763
1132,260,26.0,10.0,1.0,0.434,88818
1133,259,25.9,10.0,1.0,0.4335,88867
1134,264,26.4,10.0,1.0,0.433,88936
1135,259,25.9,10.0,1.0,0.4325,88955
1136,256,25.6,10.0,1.0,0.432,88981
1137,261,26.1,10.0,1.0,0.4315,89010
1138,258,25.8,10.0,1.0,0.431,89077
1139,257,25.7,10.0,1.0,0.4305,89139
1140,260,26.0,10.0,1.0,0.43,89164
1141,264,26.4,10.0,1.0,0.4295,89181
1142,264,26.4,10.0,1.0,0.429,89225
1143,269,26.9,10.0,1.0,0.4285,89275
1144,271,27.1,10.0,1.0,0.428,89347
1145,259,25.9,10.0,1.0,0.4275,89398
1146,261,26.1,10.0,1.0,0.427,89454
1147,257,25.7,10.0,1.0,0.4265,89508
1148,261,26.1,10.0,1.0,0.426,89605
1149,261,26.1,10.0,1.0,0.4255,89628
1150,256,25.6,10.0,1.0,0.425,89676
1151,258,25.8,10.0,1.0,0.4245,89703
1152,256,25.6,10.0,1.0,0.424,89762
1153,258,25.8,10.0,1.0,0.4235,89809
1154,259,25.9,10.0,1.0,0.423,89861
1155,259,25.9,10.0,1.0,0.4225,89912
1156,258,25.8,10.0,1.0,0.422,89914
1157,261,26.1,10.0,1.0,0.4215,89946
1158,261,26.1,10.0,1.0,0.421,89985
1159,257,25.7,10.0,1.0,0.4205,90010
1160,259,25.9,10.0,1.0,0.42,90047
1161,256,25.6,10.0,1.0,0.4195,90084
1162,262,26.2,10.0,1.0,0.419,90164
1163,282,28.2,10.0,1.0,0.4185,90209
1164,257,25.7,10.0,1.0,0.418,90219
1165,276,27.6,10.0,1.0,0.4175,90251
1166,257,25.7,10.0,1.0,0.417,90290
1167,260,26.0,10.0,1.0,0.4165,90345
1168,256,25.6,10.0,1.0,0.416,90402
1169,265,26.5,10.0,1.0,0.4155,90453
1170,257,25.7,10.0,1.0,0.415,90501
1171,260,26.0,10.0,1.0,0.4145,90560
1172,264,26.4,10.0,1.0,0.414,90599
1173,263,26.3,10.0,1.0,0.4135,90622
1174,261,26.1,10.0,1.0,0.413,90657
1175,258,25.8,10.0,1.0,0.4125,90709
1176,260,26.0,10.0,1.0,0.412,90777
1177,261,26.1,10.0,1.0,0.4115,90799
1178,263,26.3,10.0,1.0,0.411,90854
1179,259,25.9,10.0,1.0,0.4105,90871
1180,260,26.0,10.0,1.0,0.41,90908
1181,258,25.8,10.0,1.0,0.4095,90939
1182,267,26.7,10.0,1.0,0.409,90966
1183,262,26.2,10.0,1.0,0.4085,91009
1184,269,26.9,10.0,1.0,0.408,91042
1185,258,25.8,10.0,1.0,0.4075,91051
1186,269,26.9,10.0,1.0,0.407,91085
1187,257,25.7,10.0,1.0,0.4065,91121
1188,258,25.8,10.0,1.0,0.406,91157
1189,261,26.1,10.0,1.0,0.4055,91203
1190,259,25.9,10.0,1.0,0.405,91279
1191,262,26.2,10.0,1.0,0.4045,91338
1192,260,26.0,10.0,1.0,0.404,91373
1193,257,25.7,10.0,1.0,0.4035,91416
1194,277,27.7,10.0,1.0,0.403,91463
1195,257,25.7,10.0,1.0,0.4025,91482
1196,258,25.8,10.0,1.0,0.402,91535
1197,258,25.8,10.0,1.0,0.4015,91583
1198,256,25.6,10.0,1.0,0.401,91621
1199,260,26.0,10.0,1.0,0.4005,91658
1200,264,26.4,10.0,1.0,0.4,91704
1201,259,25.9,10.0,1.0,0.3995,91744
1202,261,26.1,10.0,1.0,0.399,91790
1203,256,25.6,10.0,1.0,0.3985,91832
1204,256,25.6,10.0,1.0,0.398,91887
1205,258,25.8,10.0,1.0,0.3975,91966
1206,264,26.4,10.0,1.0,0.397,91996
1207,261,26.1,10.0,1.0,0.3965,92043
1208,263,26.3,10.0,1.0,0.396,92104
1209,264,26.4,10.0,1.0,0.3955,92138
1210,256,25.6,10.0,1.0,0.395,92164
1211,289,28.9,10.0,1.0,0.3945,92220
1212,256,25.6,10.0,1.0,0.394,92258
1213,262,26.2,10.0,1.0,0.3935,92290
1214,256,25.6,10.0,1.0,0.393,92309
1215,263,26.3,10.0,1.0,0.3925,92333
1216,258,25.8,10.0,1.0,0.392,92379
1217,258,25.8,10.0,1.0,0.3915,92449
1218,259,25.9,10.0,1.0,0.391,92469
1219,259,25.9,10.0,1.0,0.3905,92517
1220,279,27.9,10.0,1.0,0.39,92550
1221,258,25.8,10.0,1.0,0.3895,92581
1222,267,26.7,10.0,1.0,0.389,92641
1223,256,25.6,10.0,1.0,0.3885,92672
1224,256,25.6,10.0,1.0,0.388,92738
1225,260,26.0,10.0,1.0,0.3875,92796
1226,257,25.7,10.0,1.0,0.387,92834
1227,257,25.7,10.0,1.0,0.3865,92895
1228,258,25.8,10.0,1.0,0.386,92947
1229,261,26.1,10.0,1.0,0.3855,92984
1230,263,26.3,10.0,1.0,0.385,92998
1231,270,27.0,10.0,1.0,0.3845,93045
1232,259,25.9,10.0,1.0,0.384,93084
1233,259,25.9,10.0,1.0,0.3835,93147
1234,259,25.9,10.0,1.0,0.383,93183
1235,258,25.8,10.0,1.0,0.3825,93216
1236,262,26.2,10.0,1.0,0.382,93289
1237,258,25.8,10.0,1.0,0.3815,93327
1238,257,25.7,10.0,1.0,0.381,93353
1239,257,25.7,10.0,1.0,0.3805,93427
1240,268,26.8,10.0,1.0,0.38,93430
1241,259,25.9,10.0,1.0,0.3795,93483
1242,258,25.8,10.0,1.0,0.379,93516
1243,256,25.6,10.0,1.0,0.3785,93573
1244,256,25.6,10.0,1.0,0.378,93641
1245,265,26.5,10.0,1.0,0.3775,93658
1246,260,26.0,10.0,1.0,0.377,93722
1247,258,25.8,10.0,1.0,0.3765,93785
1248,256,25.6,10.0,1.0,0.376,93809
1249,267,26.7,10.0,1.0,0.3755,93835
1250,257,25.7,10.0,1.0,0.375,93879
1251,260,26.0,10.0,1.0,0.3745,93943
1252,258,25.8,10.0,1.0,0.374,94006
1253,257,25.7,10.0,1.0,0.3735,94069
1254,254,25.4,10.0,1.0,0.373,94109
1255,260,26.0,10.0,1.0,0.3725,94158
1256,257,25.7,10.0,1.0,0.372,94184
1257,263,26.3,10.0,1.0,0.3715,94250
1258,254,25.4,10.0,1.0,0.371,94289
1259,255,25.5,10.0,1.0,0.3705,94345
1260,256,25.6,10.0,1.0,0.37,94381
1261,256,25.6,10.0,1.0,0.3695,94408
1262,259,25.9,10.0,1.0,0.369,94436
1263,255,25.5,10.0,1.0,0.3685,94526
1264,258,25.8,10.0,1.0,0.368,94530
1265,260,26.0,10.0,1.0,0.3675,94597
1266,255,25.5,10.0,1.0,0.367,94622
1267,255,25.5,10.0,1.0,0.3665,94674
1268,261,26.1,10.0,1.0,0.366,94711
1269,256,25.6,10.0,1.0,0.3655,94759
1270,257,25.7,10.0,1.0,0.365,94826
1271,255,25.5,10.0,1.0,0.3645,94853
1272,257,25.7,10.0,1.0,0.364,94872
1273,279,27.9,10.0,1.0,0.3635,94894
1274,257,25.7,10.0,1.0,0.363,94962
1275,256,25.6,10.0,1.0,0.3625,95011
1276,258,25.8,10.0,1.0,0.362,95065
1277,260,26.0,10.0,1.0,0.3615,95096
1278,254,25.4,10.0,1.0,0.361,95152
1279,255,25.5,10.0,1.0,0.3605,95176
1280,256,25.6,10.0,1.0,0.36,95219
1281,256,25.6,10.0,1.0,0.3595,95248
1282,262,26.2,10.0,1.0,0.359,95319
1283,254,25.4,10.0,1.0,0.3585,95368
1284,258,25.8,10.0,1.0,0.358,95435
1285,254,25.4,10.0,1.0,0.3575,95491
1286,255,25.5,10.0,1.0,0.357,95509
1287,263,26.3,10.0,1.0,0.3565,95552
1288,254,25.4,10.0,1.0,0.356,95578
1289,254,25.4,10.0,1.0,0.3555,95643
1290,256,25.6,10.0,1.0,0.355,95733
1291,256,25.6,10.0,1.0,0.3545,95762
1292,257,25.7,10.0,1.0,0.354,95763
1293,254,25.4,10.0,1.0,0.3535,95806
1294,254,25.4,10.0,1.0,0.353,95840
1295,254,25.4,10.0,1.0,0.3525,95872
1296,254,25.4,10.0,1.0,0.352,95936
1297,254,25.4,10.0,1.0,0.3515,95961
1298,254,25.4,10.0,1.0,0.351,95996
1299,254,25.4,10.0,1.0,0.3505,96037
1300,256,25.6,10.0,1.0,0.35,96057
1301,254,25.4,10.0,1.0,0.3495,96082
1302,259,25.9,10.0,1.0,0.349,96109
1303,255,25.5,10.0,1.0,0.3485,96149
1304,255,25.5,10.0,1.0,0.348,96222
1305,256,25.6,10.0,1.0,0.3475,96234
1306,254,25.4,10.0,1.0,0.347,96247
1307,255,25.5,10.0,1.0,0.3465,96313
1308,255,25.5,10.0,1.0,0.346,96346
1309,255,25.5,10.0,1.0,0.3455,96399
1310,258,25.8,10.0,1.0,0.345,96430
1311,256,25.6,10.0,1.0,0.3445,96499
1312,256,25.6,10.0,1.0,0.344,96548
1313,254,25.4,10.0,1.0,0.3435,96588
1314,255,25.5,10.0,1.0,0.343,96602
1315,255,25.5,10.0,1.0,0.3425,96654
1316,255,25.5,10.0,1.0,0.342,96701
1317,258,25.8,10.0,1.0,0.3415,96732
1318,255,25.5,10.0,1.0,0.341,96734
1319,254,25.4,10.0,1.0,0.3405,96803
1320,255,25.5,10.0,1.0,0.34,96839
1321,255,25.5,10.0,1.0,0.3395,96874
1322,254,25.4,10.0,1.0,0.339,96912
1323,255,25.5,10.0,1.0,0.3385,96951
1324,258,25.8,10.0,1.0,0.338,96987
1325,260,26.0,10.0,1.0,0.3375,96990
1326,254,25.4,10.0,1.0,0.337,97014
1327,260,26.0,10.0,1.0,0.3365,97025
1328,258,25.8,10.0,1.0,0.336,97037
1329,254,25.4,10.0,1.0,0.3355,97079
1330,255,25.5,10.0,1.0,0.335,97146
1331,256,25.6,10.0,1.0,0.3345,97221
1332,254,25.4,10.0,1.0,0.334,97264
1333,254,25.4,10.0,1.0,0.3335,97323
1334,259,25.9,10.0,1.0,0.333,97345
1335,258,25.8,10.0,1.0,0.3325,97370
1336,258,25.8,10.0,1.0,0.332,97421
1337,254,25.4,10.0,1.0,0.3315,97471
1338,255,25.5,10.0,1.0,0.331,97508
1339,256,25.6,10.0,1.0,0.3305,97524
1340,257,25.7,10.0,1.0,0.33,97529
1341,254,25.4,10.0,1.0,0.3295,97598
1342,254,25.4,10.0,1.0,0.329,97652
1343,255,25.5,10.0,1.0,0.3285,97679
1344,254,25.4,10.0,1.0,0.328,97706
1345,255,25.5,10.0,1.0,0.3275,97720
1346,255,25.5,10.0,1.0,0.327,97751
1347,254,25.4,10.0,1.0,0.3265,97787
1348,262,26.2,10.0,1.0,0.326,97788
1349,256,25.6,10.0,1.0,0.3255,97839
1350,254,25.4,10.0,1.0,0.325,97843
1351,254,25.4,10.0,1.0,0.3245,97876
1352,254,25.4,10.0,1.0,0.324,97909
1353,255,25.5,10.0,1.0,0.3235,97961
1354,255,25.5,10.0,1.0,0.323,98031
1355,258,25.8,10.0,1.0,0.3225,98056
1356,256,25.6,10.0,1.0,0.322,98101
1357,257,25.7,10.0,1.0,0.3215,98140
1358,255,25.5,10.0,1.0,0.321,98169
1359,255,25.5,10.0,1.0,0.3205,98222
1360,255,25.5,10.0,1.0,0.32,98260
1361,254,25.4,10.0,1.0,0.3195,98296
1362,254,25.4,10.0,1.0,0.319,98333
1363,254,25.4,10.0,1.0,0.3185,98347
1364,254,25.4,10.0,1.0,0.318,98355
1365,255,25.5,10.0,1.0,0.3175,98390
1366,255,25.5,10.0,1.0,0.317,98417
1367,257,25.7,10.0,1.0,0.3165,98461
1368,255,25.5,10.0,1.0,0.316,98506
1369,254,25.4,10.0,1.0,0.3155,98559
1370,255,25.5,10.0,1.0,0.315,98604
1371,255,25.5,10.0,1.0,0.3145,98662
1372,254,25.4,10.0,1.0,0.314,98671
1373,254,25.4,10.0,1.0,0.3135,98692
1374,254,25.4,10.0,1.0,0.313,98742
1375,254,25.4,10.0,1.0,0.3125,98793
1376,254,25.4,10.0,1.0,0.312,98796
1377,254,25.4,10.0,1.0,0.3115,98848
1378,254,25.4,10.0,1.0,0.311,98887
1379,254,25.4,10.0,1.0,0.3105,98923
1380,254,25.4,10.0,1.0,0.31,98988
1381,254,25.4,10.0,1.0,0.3095,99010
1382,254,25.4,10.0,1.0,0.309,99035
1383,254,25.4,10.0,1.0,0.3085,99081
1384,254,25.4,10.0,1.0,0.308,99122
1385,254,25.4,10.0,1.0,0.3075,99155
1386,254,25.4,10.0,1.0,0.307,99185
1387,254,25.4,10.0,1.0,0.3065,99216
1388,254,25.4,10.0,1.0,0.306,99239
1389,254,25.4,10.0,1.0,0.3055,99259
1390,254,25.4,10.0,1.0,0.305,99278
1391,254,25.4,10.0,1.0,0.3045,99327
1392,254,25.4,10.0,1.0,0.304,99374
1393,254,25.4,10.0,1.0,0.3035,99398
1394,254,25.4,10.0,1.0,0.303,99427
1395,254,25.4,10.0,1.0,0.3025,99465
1396,254,25.4,10.0,1.0,0.302,99522
1397,254,25.4,10.0,1.0,0.3015,99560
1398,254,25.4,10.0,1.0,0.301,99590
1399,254,25.4,10.0,1.0,0.3005,99600
1400,254,25.4,10.0,1.0,0.3,99620
1401,254,25.4,10.0,1.0,0.2995,99682
1402,254,25.4,10.0,1.0,0.299,99721
1403,254,25.4,10.0,1.0,0.2985,99773
1404,254,25.4,10.0,1.0,0.298,99816
1405,254,25.4,10.0,1.0,0.2975,99842
1406,254,25.4,10.0,1.0,0.297,99868
1407,254,25.4,10.0,1.0,0.2965,99902
1408,254,25.4,10.0,1.0,0.296,99955
1409,254,25.4,10.0,1.0,0.2955,99984
1410,254,25.4,10.0,1.0,0.295,99997
1411,254,25.4,10.0,1.0,0.2945,100042
1412,254,25.4,10.0,1.0,0.294,100075
1413,254,25.4,10.0,1.0,0.2935,100106
1414,254,25.4,10.0,1.0,0.293,100161
1415,254,25.4,10.0,1.0,0.2925,100199
1416,254,25.4,10.0,1.0,0.292,100251
1417,254,25.4,10.0,1.0,0.2915,100258
1418,254,25.4,10.0,1.0,0.291,100295
1419,254,25.4,10.0,1.0,0.2905,100348
1420,254,25.4,10.0,1.0,0.29,100385
1421,254,25.4,10.0,1.0,0.2895,100421
1422,254,25.4,10.0,1.0,0.289,100470
1423,254,25.4,10.0,1.0,0.2885,100498
1424,254,25.4,10.0,1.0,0.288,100546
1425,254,25.4,10.0,1.0,0.2875,100592
1426,254,25.4,10.0,1.0,0.287,100643
1427,254,25.4,10.0,1.0,0.2865,100693
1428,254,25.4,10.0,1.0,0.286,100717
1429,254,25.4,10.0,1.0,0.2855,100724
1430,254,25.4,10.0,1.0,0.285,100766
1431,254,25.4,10.0,1.0,0.2845,100811
1432,254,25.4,10.0,1.0,0.284,100841
1433,254,25.4,10.0,1.0,0.2835,100867
1434,254,25.4,10.0,1.0,0.283,100903
1435,254,25.4,10.0,1.0,0.2825,100920
1436,254,25.4,10.0,1.0,0.282,100943
1437,254,25.4,10.0,1.0,0.2815,100972
1438,254,25.4,10.0,1.0,0.281,100987
1439,254,25.4,10.0,1.0,0.2805,101025
1440,254,25.4,10.0,1.0,0.28,101067
1441,254,25.4,10.0,1.0,0.2795,101117
1442,254,25.4,10.0,1.0,0.279,101155
1443,254,25.4,10.0,1.0,0.2785,101224
1444,254,25.4,10.0,1.0,0.278,101267
1445,254,25.4,10.0,1.0,0.2775,101270
1446,254,25.4,10.0,1.0,0.277,101299
1447,254,25.4,10.0,1.0,0.2765,101355
1448,254,25.4,10.0,1.0,0.276,101393
1449,254,25.4,10.0,1.0,0.2755,101442
1450,254,25.4,10.0,1.0,0.275,101477
1451,254,25.4,10.0,1.0,0.2745,101520
1452,254,25.4,10.0,1.0,0.274,101553
1453,254,25.4,10.0,1.0,0.2735,101561
1454,254,25.4,10.0,1.0,0.273,101589
1455,254,25.4,10.0,1.0,0.2725,101634
1456,254,25.4,10.0,1.0,0.272,101687
1457,254,25.4,10.0,1.0,0.2715,101715
1458,254,25.4,10.0,1.0,0.271,101739
1459,254,25.4,10.0,1.0,0.2705,101788
1460,254,25.4,10.0,1.0,0.27,101813
1461,254,25.4,10.0,1.0,0.2695,101852
1462,254,25.4,10.0,1.0,0.269,101893
1463,254,25.4,10.0,1.0,0.2685,101933
1464,254,25.4,10.0,1.0,0.268,101937
1465,254,25.4,10.0,1.0,0.2675,101986
1466,254,25.4,10.0,1.0,0.267,101987
1467,254,25.4,10.0,1.0,0.2665,102011
1468,254,25.4,10.0,1.0,0.266,102050
1469,254,25.4,10.0,1.0,0.2655,102082
1470,254,25.4,10.0,1.0,0.265,102116
1471,254,25.4,10.0,1.0,0.2645,102145
1472,254,25.4,10.0,1.0,0.264,102191
1473,254,25.4,10.0,1.0,0.2635,102218
1474,254,25.4,10.0,1.0,0.263,102272
1475,254,25.4,10.0,1.0,0.2625,102314
1476,254,25.4,10.0,1.0,0.262,102354
1477,254,25.4,10.0,1.0,0.2615,102389
1478,254,25.4,10.0,1.0,0.261,102439
1479,254,25.4,10.0,1.0,0.2605,102490
1480,254,25.4,10.0,1.0,0.26,102517
1481,254,25.4,10.0,1.0,0.2595,102550
1482,254,25.4,10.0,1.0,0.259,102569
1483,254,25.4,10.0,1.0,0.2585,102572
1484,254,25.4,10.0,1.0,0.258,102604
1485,254,25.4,10.0,1.0,0.2575,102636
1486,254,25.4,10.0,1.0,0.257,102671
1487,254,25.4,10.0,1.0,0.2565,102718
1488,254,25.4,10.0,1.0,0.256,102744
1489,254,25.4,10.0,1.0,0.2555,102782
1490,254,25.4,10.0,1.0,0.255,102812
1491,254,25.4,10.0,1.0,0.2545,102865
1492,254,25.4,10.0,1.0,0.254,102897
1493,254,25.4,10.0,1.0,0.2535,102940
1494,254,25.4,10.0,1.0,0.253,102965
1495,254,25.4,10.0,1.0,0.2525,102989
1496,254,25.4,10.0,1.0,0.252,103051
1497,254,25.4,10.0,1.0,0.2515,103078
1498,254,25.4,10.0,1.0,0.251,103110
1499,254,25.4,10.0,1.0,0.2505,103150
1500,254,25.4,10.0,1.0,0.25,103186
